# Per-step velocity (0-9) and probability over 2-bar loop, 16th grid, 129 BPM

KICK:
  grid : ......X.....X... | ......X.....X...
  gains: [0.0, 0.0, 0.0, 0.0, 0.0, 0.0, 1.0, 0.0, 0.0, 0.0, 0.0, 0.0, 1.0, 0.0, 0.0, 0.0]
         [0.0, 0.0, 0.0, 0.0, 0.0, 0.0, 1.0, 0.0, 0.0, 0.0, 0.0, 0.0, 1.0, 0.0, 0.0, 0.0]
  strudel-gain: "~ ~ ~ ~ ~ ~ 1 ~ ~ ~ ~ ~ 1 ~ ~ ~ ~ ~ ~ ~ ~ ~ 1 ~ ~ ~ ~ ~ 1 ~ ~ ~"

CONGA:
  grid : .xxxX.X..xX.X... | xxxxx.X...X.X...
  gains: [0.0, 0.42, 0.63, 0.71, 0.55, 0.0, 1.0, 0.0, 0.0, 0.55, 0.56, 0.0, 1.0, 0.0, 0.0, 0.0]
         [0.5, 0.44, 0.65, 0.64, 0.53, 0.0, 1.0, 0.0, 0.0, 0.0, 0.58, 0.0, 1.0, 0.0, 0.0, 0.0]
  strudel-gain: "~ 0.42 0.63 0.71 0.55 ~ 1 ~ ~ 0.55 0.56 ~ 1 ~ ~ ~ 0.5 0.44 0.65 0.64 0.53 ~ 1 ~ ~ ~ 0.58 ~ 1 ~ ~ ~"

MIDP:
  grid : X.X.xxX..XxxX..x | x.X.xxX..xxxX.xx
  gains: [0.57, 0.0, 0.56, 0.0, 0.67, 0.47, 0.78, 0.0, 0.0, 0.55, 0.46, 0.43, 0.82, 0.0, 0.0, 0.45]
         [0.44, 0.0, 0.61, 0.0, 0.47, 0.49, 0.86, 0.0, 0.0, 0.45, 0.43, 0.41, 0.76, 0.0, 0.38, 0.58]
  strudel-gain: "0.57 ~ 0.56 ~ 0.67 0.47 0.78 ~ ~ 0.55 0.46 0.43 0.82 ~ ~ 0.45 0.44 ~ 0.61 ~ 0.47 0.49 0.86 ~ ~ 0.45 0.43 0.41 0.76 ~ 0.38 0.58"

CLAP:
  grid : X.XxXxX..XXXXXXX | X.XxXXX..XXXXXXX
  gains: [0.74, 0.0, 0.78, 0.55, 0.55, 0.57, 0.58, 0.0, 0.0, 0.63, 0.84, 0.58, 0.5, 0.56, 0.71, 0.61]
         [0.77, 0.0, 0.82, 0.56, 0.51, 0.58, 0.61, 0.0, 0.0, 0.65, 0.85, 0.66, 0.64, 0.61, 0.57, 0.62]
  strudel-gain: "0.74 ~ 0.78 0.55 0.55 0.57 0.58 ~ ~ 0.63 0.84 0.58 0.5 0.56 0.71 0.61 0.77 ~ 0.82 0.56 0.51 0.58 0.61 ~ ~ 0.65 0.85 0.66 0.64 0.61 0.57 0.62"

SHKR:
  grid : X.XxXXXxxXXXXXXX | XxXXXXXxXXXXXXXX
  gains: [0.89, 0.0, 0.76, 0.54, 0.7, 0.65, 0.69, 0.4, 0.48, 0.76, 0.76, 0.72, 0.58, 0.5, 0.66, 0.84]
         [0.79, 0.4, 0.77, 0.54, 0.63, 0.69, 0.7, 0.46, 0.48, 0.85, 0.66, 0.64, 0.54, 0.54, 0.59, 0.72]
  strudel-gain: "0.89 ~ 0.76 0.54 0.7 0.65 0.69 0.4 0.48 0.76 0.76 0.72 0.58 0.5 0.66 0.84 0.79 0.4 0.77 0.54 0.63 0.69 0.7 0.46 0.48 0.85 0.66 0.64 0.54 0.54 0.59 0.72"

CHAT:
  grid : XXXxXXXXXXXXXXXX | XXXXXXXXXXXXXXXX
  gains: [0.9, 0.47, 0.81, 0.5, 0.67, 0.66, 0.79, 0.56, 0.57, 0.75, 0.98, 0.62, 0.71, 0.64, 0.9, 0.87]
         [0.78, 0.5, 0.88, 0.68, 0.7, 0.8, 0.74, 0.58, 0.65, 0.76, 0.9, 0.69, 0.6, 0.57, 0.76, 0.76]
  strudel-gain: "0.9 0.47 0.81 0.5 0.67 0.66 0.79 0.56 0.57 0.75 0.98 0.62 0.71 0.64 0.9 0.87 0.78 0.5 0.88 0.68 0.7 0.8 0.74 0.58 0.65 0.76 0.9 0.69 0.6 0.57 0.76 0.76"

